8, -2,-26, -1, 50
-2, -47, 3
10, -44, 16
22, -40, 20
-19, -35, 17
31, -51, 8
-9, -19, 29
8, -29, 9
-33, -23, -6
15, -31, -4
7, -28, 25
-6, -18, 241
-11, -10, 23
-38, 5, -25
1, -14, -2
-18, -31, -11
-43, -16, 12
-9, -59, 34
-22, -12, -26
-6, -68, 2
-3, -27, -1
-12, -25, -20
-10, 33, -10
-13, -4, 22
-4, 2, 7
-13, -13, 40
-45, -21, 30
-22, -13, 17
-2, 223, 18
8, -54, 6
-1, -37, 19
-28, -2, 25
-243, -34, 37
-14, -15, -6
-16, -27, 242
-31, 8, -5
-25, -29, 12
-33, -25, 27
-9, -46, 5
-1, 9, -224
-24, -37, 7
-8, 3, 9
3, -10, -1
-28, -4, 3
-8, -44, -254
-4, -6, -12
-12, -7, -2
4, -35, -9
-15, -58, 15
7, -46, 14
2, -36, 3
3, -51, -14
-46, 25, 16
-15, -8, -7
-3, 26, -4
-39, 0, 15
-29, -4, -12
-18, -39, -14
3, -35, 5
18, -14, -3
-26, -18, 9
30, 11, -43
-15, -48, 7
-11, -21, -2
20, -36, 0
-7, -42, 0
-53, -32, 22
-12, -7, 10
-2, -40, -7
-8, 1, 32
0, -32, 13
-45, -20, -15
-18, -6, 20
-6, -10, -24
-9, -12, -39
-9, -20, 39
-1, -43, -25
-7, -50, 209
-34, 16, -13
-12, -26, 14
-12, -19, -4
-24, -21, 0
-11, -22, 214
-8, -34, -10
-11, -15, -17
-15, 5, 1
-13, 18, -8
-14, -23, 6
-41, -28, 33
-16, -16, 11
-15, -36, -4
0, 14, 222
8, -18, -2
3, -16, -5
-4, -7, -2
-1, -33, 9
3, -53, 9
-15, -256, 57
-19, -11, 11
-21, -56, -4
10, 0, 2
1, -47, 14
4, 16, 1
2, -35, 3
-35, -8, -2
9, -24, 7
-6, -1, -2
15, -13, 25
38, -23, 1
-3, 2, 9
-20, -27, 13
-10, -45, -17
7, -9, 36
-9, -16, 59
-24, -60, 2
1, -18, -19
-5, -32, 6
-11, -46, -28
-2, -44, 24
-40, -53, 13
20, -36, 0
-14, 28, -1
-27, -24, 4
-13, -39, -24
-7, -28, 6
-13, -41, 38
-11, -44, -3
-10, -44, 18
-29, -20, 18
-7, -33, -4
20, -21, 10
-5, -13, -11
1, -37, 13
8, -16, -7
-29, -17, 8
4, 0, 18
-8, -45, 3
-11, -33, 10
21, -20, 6
-13, -11, 0
-6, 2, 50
-18, -16, 9
7, -48, -2
-21, -16, 35
-10, -31, 8
-11, -56, 33
-2, -33, 24
-13, -20, -15
1, -20, 36
-20, -44, -13
-13, -59, 18
14, -54, -30
10, -23, -12
-15, -18, 18
-6, -51, 1
-20, -5, -1
3, -32, -1
-24, -43, 3
-20, -2, -7
-25, -7, 30
-29, 30, -5
-16, -27, -17
0, -32, -11
-19, 0, 6
-15, -14, -5
-10, 1, 15
-18, -21, 9
-17, -43, 21
-19, 4, 17
-8, -27, -7
-11, -11, 4
-2, -44, -9
-7, -33, 26
-250, -1, 8
22, -21, -13
-5, 24, -16
-7, -4, 7
-24, -16, 9
-248, -30, 16
-27, -14, -21
0, -15, 31
-1, -48, 25
-35, -4, 19
-19, -20, -4
8, -18, 16
5, -22, -6
12, -26, 2
-17, -12, 28
-13, -4, 5
-3, -36, -19
-28, -52, 19
-10, -6, 5
-8, -18, 14
-18, -30, 0
-28, -84, -4
-16, -11, 4
-15, -54, 27
-29, -35, 3
-22, -11, -4
-13, -30, -12
-22, -19, 20
13, -14, 8
5, -47, 29
15, -34, -10
-16, -9, 11
-35, 3, 5
-9, -48, 8
-25, 2, -20
-25, -29, -4
1, -35, 6
19, -64, 13
-10, 7, 23
-21, 9, 8
9, -56, 14
-4, -28, -40
-53, -3, -14
22, -11, 10
30, -28, 8
-11, -9, 11
6, -35, 8
15, -41, 221
-32, -2, 10
16, -38, 5
-24, -22, 28
-10, -35, -9
-8, 11, 254
3, -13, 32
-4, -35, -2
-24, -19, 24
2, -18, 3
-7, -19, 1
-3, -24, 5
17, -39, 12
-4, 10, -5
-49, -7, -201
8, -22, -8
-1, -6, -5
-4, -15, 10
-16, -10, -5
-28, -4, -13
-13, -5, -1
22, -60, 21
-22, -25, -13
7, -48, 22
5, -45, 31
-21, -39, -1
-30, -13, 23
-21, -32, 50
-7, -26, 33
22, -28, 19
-12, -33, 5
-35, -27, 20
236, -29, 9
-16, -49, 29
5, -5, -20
-13, -20, 14
-15, -70, -9
-10, -35, -8
-10, -1, -31
-1, -27, 26
-21, 5, 43
-11, -33, 26
-13, -40, 26
3, -46, 10
11, -34, -22
-9, -15, -3
-5, -39, -29
-17, 34, 28
-5, -253, -13
-32, -21, 16
-48, 1, 8
-25, -6, 0
6, -14, 15
13, -26, 31
-4, -14, 248
-25, -49, 23
-30, -8, 27
-25, -9, -1
-34, -46, -19
-22, -20, -4
3, -44, 8
6, 13, -19
2, -13, 22
-15, -53, 39
19, 4, -3
1, -31, -25
3, -40, 35
-1, -41, 28
-10, -11, 246
-29, -20, 2
-7, 13, 16
-11, -17, 4
10, -4, 15
-21, 17, 24
0, -39, 3
-1, -29, 2
-10, -22, 53
5, -20, 1
1, -13, -11
-18, -11, 4
-6, -26, 5
-1, -2, 15
-8, -8, -9
-17, -21, 34
-6, -24, 29
-8, -33, -248
6, -11, 26
15, -20, 3
-6, -38, -13
5, -19, 18
14, -48, -5
10, -31, -6
-10, -1, 25
13, -21, -16
-25, -47, 18
-10, -31, -10
-2, -50, 5
-20, -12, 15
-1, -21, 0
-37, -9, 2
-17, -19, 1
-14, -3, 48
11, -64, -5
22, -23, -253
-9, 10, 30
-1, -18, 4
31, 3, -8
8, -31, 5
18, -16, -29
-9, -30, 25
-7, -4, 11
-30, -7, -233
-8, -20, 4
-10, 16, 2
-4, -49, 19
-14, -26, -3
-30, -4, -240
-28, -11, 33
23, -24, -10
-28, 26, 6
1, 9, -1
-31, -22, -11
5, 17, 26
-39, -10, 18
-16, 7, 10
-18, -16, -26
18, 22, 14
-13, 0, -12
-17, -8, -1
0, -45, 9
-9, -5, 3
9, -51, 6
18, -23, -19
-35, -1, -24
19, -53, -246
-38, -5, 5
-13, -52, 13
-7, -18, -11
7, -15, 31
12, -13, 29
-20, 15, 26
-25, -58, 12
12, -65, 23
6, -3, 27
-19, -16, 6
1, 13, 13
-14, -10, -5
7, -254, 13
-26, -17, 252
-4, -10, 8
5, -24, -8
18, -16, 22
-4, -40, -25
-7, -3, 250
2, -14, 22
-32, -27, 21
-25, -5, 6
-26, -7, 13
-21, 28, -1
-19, -31, 7
-9, 26, 5
19, -29, 0
-15, -24, 16
-25, -17, 242
-12, 2, -19
-22, -24, -5
-14, -30, 31
-4, -26, 10
-20, -54, -253
-2, -34, 38
-29, -7, 22
-5, -32, 14
-13, -239, -6
-10, -4, 6
32, -36, -35
-6, -20, 14
-37, -20, 19
-8, 7, 4
4, 4, 240
2, -55, 15
-7, -13, 47
23, -50, -12
-18, -17, -26
-2, -32, 21
-15, -26, 3
-27, -40, 12
13, -21, 21
-13, 243, 0
-48, -15, -13
0, -27, -4
-10, -40, -7
2, -24, 20
-17, -34, -9
-12, 10, 13
-20, -14, -5
-12, -28, 17
-16, -42, 12
4, -9, -2
5, -40, 213
-2, -27, 27
-25, -30, 4
-26, -42, -22
-4, -5, -32
15, -6, -236
5, -42, 21
-27, -32, 24
-20, 2, -5
-17, 11, 20
-6, -46, 2
10, 1, -13
-1, -14, -23
-16, 16, 18
-28, -51, 1
-27, -34, 15
1, -45, -2
-35, -4, 20
7, 5, -8
13, -19, 12
-6, 10, 5
26, -52, -2
24, -48, 2
4, -1, -8
-33, 38, 34
10, -11, 7
-18, -26, 42
-6, -31, -5
-41, -2, -236
-25, -48, 9
24, -78, 19
-20, 7, 17
-17, -38, 18
-9, -6, 19
-31, 18, 2
11, 3, -28
-20, -6, 3
-2, -2, 19
18, -23, 236
-6, -30, -16
-26, 2, -13
-42, -8, 22
-5, -4, -2
1, -21, -247
-1, 3, 10
-12, -28, -27
-15, -29, 0
-28, -10, -20
3, 1, -235
-5, -29, 26
-7, -59, -14
9, -30, 5
-21, 13, 22
-5, -9, 24
-18, -15, 27
8, -6, 12
-9, -9, 10
-25, 6, 29
5, -66, 1
6, -11, -2
-4, -46, 39
18, -3, -1
13, 20, -8
13, -26, 18
-20, -6, 4
-9, -19, -8
4, -18, 44
-28, 21, -1
-5, -48, 11
-16, 19, 8
-18, -29, -12
-20, -22, 21
-23, 13, 8
6, -28, -20
-13, -24, 4
-13, -8, -12
-25, -29, 9
-4, -22, 29
-10, -4, -250
-16, 3, 24
-29, -6, 5
-1, -34, 9
-32, 3, 36
-12, -33, -241
-2, -27, -8
-13, 3, 8
12, -33, -10
11, 24, 5
-3, -46, -9
-9, -27, 12
-6, -62, -20
14, -44, 26
-23, 18, 26
3, -23, -10
-10, 16, 15
-9, -7, 15
-24, -27, -3
-14, 10, 38
-3, -25, 5
2, -33, -3
-5, -12, 21
-18, -20, 19
-21, -57, 11
-18, 21, -24
-9, -10, 236
-11, 0, 18
-1, -4, -15
-2, -8, 10
12, -25, 0
-36, -5, 43
-15, -29, 15
4, -60, 15
-23, -24, 13
9, -22, 5
10, -13, 16
-4, -26, -12
13, -30, -33
-35, 2, -241
-21, 36, 39
-22, -19, 13
-9, -23, -3
8, -17, 15
-12, -24, 6
-13, 4, 14
-3, -1, -12
7, -14, -6
-38, -6, 11
-22, -33, 2
-36, -14, 5
1, -56, -12
-11, -51, -11
-8, -45, 18
-7, -5, 31
-21, -26, 0
-17, -39, 25
-26, 8, 27
14, 7, 51
10, -10, -6
-4, -19, -6
-44, -10, 26
3, -6, 25
-31, 16, 3
-28, -11, 1
-22, -9, -20
-16, -18, 16
-3, -14, 61
-11, -10, 46
